0001513856
0000743316
0001043961
0001094739
0001110647
0001633978
0001096938
0001648428
0001699683
0001131554
0001648428
0001131554
0001131554
0001131554
0001131554
0001131554
0001171012
0001229089
0001039065
0001293153
0001039065
0001080360
0001565430
0001321710
0001487252
0001419051
0001376339
0000010456
0000010456
0001581068
0001030916
0001581068
0001510964
0001123799
0001472977
0001628444
0000918027
0001286681
0001110783
0001553734
0000723254
0000002034
0001138639
0000723254
0001032975
0000723254
0001667145
0001422109
0001170565
0000723254
0001024401
0000072859
0001043166
0001510964
0001092492
0001510964
0001525896
0001221715
0000922475
0000922475
0001699683
0001293153
0001293153
0001066104
0000002034
0001510964
0001648428
0001375365
0001375365
0001599727
0001545158
0001657853
0001110783
0000047129
0001334388
0000917523
0001334388
0000917523
0001229089
0001158863
0000917523
0001301712
0001145665
0001565430
0001467955
0001321710
0000802481
0001487252
0001419051
0001360886
0001415684
0000844161
0001562594
0001510964
0001287808
0001562594
0001504747
0001504747
0001504747
0001562594
0001293153
0001805890
0000913353
0001170565
0001181702
0001302028
0001080360
0001032975
0001018724
0000878802
0000930184
0001301712
0001500324
0000930184
0001302028
0001287808
0000013055
0001539551
0001334388
0001302028
0001091748
0001500123
0001376914
0000002491
0001167379
0001110803
0000878802
0000886982
0000042352
0001364479
0000943110
0001422109
0000943110
0001012480
0001422109
0000063271
0000063271
0000935419
0000851726
0000851726
0001510295
0000851726
0000851726
0001500324
0001158172
0000854775
0000800937
0001295401
0001295401
0001444144
0001030916
0001510964
0000872821
0000872821
0001102432
0001058290
0001413257
0000878802
0001031107
0001556226
0001565383
0001568139
0001542335
0001076700
0000915840
0001065088
0001633917
0001315657
0000814052
0000320193
0000049534
0001518171
0001496741
0001522903
0001525896
0001009356
0001327467
0001232524
0001088033
0001032975
0001035398
0001035398
0001355128
0001024452
0000785968
0001507385
0001518222
0001518222
0000855424
0001556508
0001614466
0001356564
0001334388
0000005656
0000863895
0001104220
0000899723
0001352045
0001556508
0001614466
0001356564
0000005656
0000863895
0000912844
0001171012
0000918386
0001175609
0001454725
0001279363
0000876883
0001035398
0001334478
0001279363
0001444144
0001030916
0001510964
0001030916
0001510964
0001444144
0000724051
0000826083
0000315545
0001346973
0001428397
0001507385
0001507385
0000790703
0001516887
0000732712
0001124827
0001472478
0000826773
0000021510
0001019361
0001472478
0001472478
0001039101
0001039101
0001515156
0001532716
0000319201
0000707549
0001140184
0001120295
0001111817
0000904978
0000904978
0000884624
0000884624
0000884624
0000895516
0001011662
0001123799
0000745308
0001256536
0000352949
0001455675
0000855424
0001171012
0001111492
0000047217
0001320869
0001111741
0001089319
0001408276
0001065860
0001170565
0000839151
0001019600
0001229089
0001376914
0001419428
0001119639
0000202058
0001355128
0001074714
0001022225
0000826083
0001497814
0001166388
0000356028
0001083036
0001157522
0001220606
0001312910
0001377848
0001080360
0000785968
0000785968
0000892535
0001170605
0001335190
0001335190
0001335190
0001335190
0001083036
0001074714
0001441693
0000878802
0000785968
0001441693
0001613011
0000013055
0000833179
0001080360
0001449527
0001047716
0000835012
0001091566
0001517175
0001011722
0001419445
0001100960
0001047857
0001010552
0001462418
0001513161
0001004945
0001498301
0000912593
0000770944
0001265245
0001292055
0000019353
0001166388
0000356028
0001083036
0000028823
0000028823
0001024401
0000072859
0000929994
0001120370
0000929994
0001120370
0001355128
0001123541
0000869484
0000097216
0001067701
0000023082
0000023082
0001124804
0000878071
0000044471
0001023393
0001005230
0001000228
0001009869
0001023393
0000878543
0001000228
0000925543
0001009869
0000354908
0001057083
0001057083
0001094015
0001057083
0001010552
0001061554
0001013749
0001013749
0001009869
0001013749
0001013749
0001061554
0000935730
0000060911
0000051124
0001052489
0000051124
0001052489
0000051124
0001052489
0000051124
0001092753
0001092753
0000914282
0000040570
0000040570
0000040570
0000040570
0001500324
0001415684
0001415684
0001415684
0001518222
0000019520
0001499922
0001500324
0001000184
0000899166
0001186686
0000023082
0001061580
0000108772
0000820588
0001854263
0000003662
0000003662
0001051720
0001051720
0000898437
0001085770
0000310377
0000927653
0000814549
0001039276
0001139570
0000701856
0000723527
0000723527
0000723527
0001166388
0000356028
0001137083
0001104220
0000944148
0001146166
0000920317
0001080360
0001281761
0001705445
0001423611
0001342948
0001092662
0000278352
0000705200
0001016370
0001469559
0001031107
0001021264
0000799089
0000082020
0000796486
0000723527
0001045942
0000873860
0001355128
0001383088
0001057327
0000099771
0000099771
0001024401
0000354908
0001088755
0000723527
0001040440
0001117414
0001139570
0000072911
0000003662
0000802492
0000913600
0000787251
0000916802
0000082020
0001557389
0000802492
0000353646
0000784932
0000723527
0001074909
0000833444
0000003662
0001024401
0000072859
0000718909
0000895642
0001143155
0000917173
0001407882
0001463959
0000824206
0001311926
0001463959
0001016370
0001016370
0001076700
0001083036
0001024452
0000895642
0000826048
0001320947
0001083036
0000701719
0000883587
0000880446
0001457298
0000944148
0001146166
0000944148
0001070380
0000036270
0001170605
0001326252
0001077385
0000027960
0000027960
0000103872
0000103872
0000826083
0001047857
0001169055
0001336644
0001045810
0001281761
0001281761
0000701719
0000073088
0001139570
0000855424
0000944765
0000064803
0001100778
0001435224
0000895650
0000054424
0001440476
0001317833
0001473287
0001512693
0001474266
0001137083
0001095827
0001331427
0001276591
0000826083
0001135644
0001359272
0001412494
0001326252
0001077385
0001160110
0001320947
0001170605
0000850313
0000835012
0000798985
0001203900
0001429360
0001381105
0001133324
0001121404
0000816284
0000310764
0001203866
0001409012
0000816284
0000310764
0000913756
0001203866
0001409012
0001336644
0001326396
0001289701
0000775351
0001407185
0001111741
0001065298
0001415684
0001180262
0001065837
0000910521
0001389305
0000357264
0000097216
0001067701
0001554041
0001451520
0000013055
0001343504
0001459455
0000910329
0000910329
0000049534
0000806172
0000027748
0001459455
0001061580
0000019617
0001025844
0001016370
0000861438
0000925543
0000869425
0000928395
0001065332
0001105705
0000806172
0000854775
0001326396
0001060822
0000879437
0000854775
0000879437
0000885639
0001060822
0000826083
0001125557
0000013055
0000929994
0000740260
0000879437
0000879437
0000049534
0001320947
0001538333
0001423746
0001516522
0001511618
0001572386
0001301838
0001588014
0001602819
0001024678
0000859360
0000060911
0000935802
0001087432
0000879437
0000879437
0001062505
0001057334
0001024401
0000072859
0000736314
0001125557
0000784932
0000352495
0001069793
0001024401
0000072859
0001085734
0001080056
0000060714
0000835012
0001170605
0001011064
0001024401
0000072859
0000065100
0000919742
0000945114
0001376866
0001100778
0001435224
0000895650
0000054424
0001512693
0001440476
0000854775
0001069793
0001094012
0001098964
0001170605
0001455675
0001060801
0001107112
0001201251
0000755095
0000019520
0000755095
0001108955
0000901119
0001062505
0000087949
0001084408
0000883780
0001084408
0000946816
0000883780
0000946816
0001108955
0000946816
0001058057
0000019617
0001327421
0001022345
0000946816
0000946816
0000946816
0001001769
0000927653
0000927653
0000310377
0000310377
0000352998
0000352998
0000352998
0000913600
0000353646
0001102301
0000352495
0000320573
0001060801
0000927133
0000911115
0001011584
0000832334
0000799268
0001077913
0000019034
0000723527
0000225868
0000818815
0001074111
0001077913
0001077913
0001051848
0000895812
0001232229
0001077913
0001207070
0001011584
0000918027
0001011584
0001011584
0001011584
0001005010
0000914565
0001084408
0000883780
0001162747
0001169055
0000892535
0001057334
0000914565
0001232229
0001292055
0001292055
0001292055
0001090875
0000949953
0000203596
0000916802
0000895812
0001232229
0001292055
0001072342
0001133324
0000719729
0001279363
0001061580
0001108955
0001373671
0001373671
0000841447
0000088121
0000927653
0000073568
0001012480
0001012480
0000917173
0000917173
0001005230
0000810750
0001017797
0001088815
0001088788
0001088795
0001078724
0000799089
0000003662
0000003662
0001001769
0001001769
0000935730
0000846378
0001130126
0000869425
0000928395
0001108955
0001072342
0000009263
0000773468
0000834408
0001082084
0001325823
0000070318
0001085770
0000893046
0001078404
0001078404
0001045810
0000918946
0000005272
0000918946
0000918946
0000005272
0000005272
0000785161
0001024401
0000072859
0000065100
0000311946
0000859360
0000785161
0000723527
0001085770
0001085770
0000723527
0001011632
0001016100
0001016100
0000889899
0000889899
0000109831
0000935730
0000926296
0000887531
0000887531
0001407882
0000935730
0001051720
0000755003
0000730263
0000313368
0000919869
0000003370
0000900091
0000819479
0000826253
0001156295
0001127008
0000025095
0000927133
0001005230
0000353646
0000084129
0000084129
0000917471
0000846378
0000861438
0000861438
0001001769
0000894906
0000072062
0000072062
0001080360
0001087717
0000750901
0001043381
0000895516
0000071829
0000071829
0001076522
0000723612
0000723612
0000943097
0000723612
0000769852
0000894906
0000948086
0001021853
0000054175
0000860518
0000860518
0000819479
0000819479
0000819479
0000820588
0000723612
0000723612
0000919869
0000073568
0000310377
0000927653
0000799089
0001005270
0000914565
0001050446
0001173431
0000948069
0000912083
0000311172
0001102301
0000310377
0000894501
0001024401
0001379895
0000833081
0001054905
0000808450
0000764478
0001310067
0000104207
0000068505
0000884064
0001052489
0000051124
0000899051
0000833444
0001067983
0000764478
0001161448
0000021175
0001310067
0001052045
0000757011
0000104207
0001287286
0000071829
0001024401
0001011064
0001011064
0001104220
0001031107
0000849240
0001031107
0001157654
0001357615
0000045012
0001256536
0000045012
0001357615
0000806514
0001104220
0000878932
0000868797
0000806514
0001020416
0000795266
0000890801
0001256536
0001010474
0000883296
0000065100
0001024401
0000072859
0001198233
0001104220
0000846815
0001281761
0001072377
0001227122
0001343602
0001275902
0001302246
0000278352
0000352079
0001104220
0000718877
0001071986
0000914344
0000002491
0000914344
0000002491
0000866535
0000895364
0001279172
0000895364
0001279172
0001094015
0001061580
0000919742
0001105705
0000895516
0000895516
0001043381
0001232229
0001412494
0000866535
0000834408
0001082084
0001325823
0000834408
0001325823
0001082084
0001232229
0000915840
0001256536
0000789460
0001076522
0001076522
0001024401
0000072859
0001076522
0000834408
0001082084
0001325823
0001352045
0000846909
0001005010
0001057334
0001281761
0001072377
0001227122
0001343602
0001275902
0001302246
0000911818
0000918251
0001051720
0000898437
0000310377
0000927653
0000880562
0001140298
0000927653
0000869425
0000928395
0000803014
0000061369
0001031107
0001009626
0000918111
0000005272
0001137774
0001068169
0001068169
0001169709
0000770944
0000770944
0000923282
0000278352
0001109279
0000775351
0001407185
0000775351
0001407185
0000775351
0001407185
0000944765
0001100954
0000065100
0001024401
0000072859
0000225868
0000850313
0000049196
0000730263
0001160084
0001107112
0000743316
0000009263
0001125557
0001050925
0001050925
0000109156
0001125557
0001125557
0000855424
0001125557
0000849547
0001125557
0000880446
0000880446
0001169709
0001107112
0000770944
0001106056
0000919742
0000770944
0000770944
0000743316
0001057334
0000056701
0000915840
0000773468
0000770944
0000770944
0001265245
0001063537
0000880935
0000770944
0001063537
0000770944
0001024401
0001043166
0000770944
0000750901
0000928395
0000869425
0000849667
0000750901
0001031037
0001287286
0001054905
0000850313
0000850313
0001065332
0001076522
0000850313
0001063842
0000850313
0000056701
0001337566
0001009624
0001301180
0000025191
0000743316
0000891106
0000826083
0001119601
0001072342
0001256536
0001060822
0001090870
0001328580
0001274057
0001072342
0001330254
0000826083
0000826083
0000826083
0000826083
0001109279
0001020416
0001031107
0001021009
0001035353
0001031905
0000890801
0000879215
0001088755
0000750813
0000108772
0000723612
0000810750
0000927653
0001005123
0001005123
0001018730
0001018730
0001012480
0000918111
0001020616
0000947431
0000005272
0000713676
0000319939
0001111345
0001126752
0001072342
0001459455
0001459455
0001072342
0000855424
0001287286
0001287286
0000890923
0000056701
0000868797
0001041073
0000826083
0001126752
0001067701
0000868512
0000911707
0001072772
0000836809
0000919605
0001271805
0001158694
0000071829
0001031107
0000893670
0001087831
0001031107
0001373671
0000026780
0000919742
0001037949
0000928395
0000869425
0001103184
0000885672
0000109471
0000721371
0001048937
0000056824
0000923282
0001100270
0001088033
0001009626
0001100954
0001070235
0001072342
0000893670
0001050952
0001031107
0000885672
0000918251
0001379895
0000072020
0000003116
0001022832
0001088755
0000917471
0000718909
0000895812
0000003116
0000892653
0001024401
0000072859
0000065100
0001022345
0001376986
0001051720
0001099531
0000823768
0000054175
0000901119
0001024401
0000072859
0000917471
0000353646
0000353646
0001035120
0000753048
0001093285
0001013749
0000907072
0000918111
0001087831
0001085770
0001037949
0001037949
0000073568
0001081015
0001081015
0001045810
0001087831
0001009869
0001085770
0001085770
0001036824
0000922868
0000823768
0000916802
0000812551
0001041333
0001041333
0000808356
0000808356
0000808362
0001024401
0000072859
0000935802
0001024401
0000072859
0001016370
0000278352
0000785161
0000785161
0001013749
0001118326
0000723612
0000723612
0000070318
0000946581
0000946581
0000917491
0000737561
0000855581
0000005272
0001067701
0001037949
0000005272
0001043381
0000869425
0000928395
0001010474
0000883296
0000810750
0000810750
0001077913
0001102301
0000919869
0000861438
0000861438
0001058986
0000008868
0001037949
0001110794
0000793375
0000927133
0001052489
0000051124
0001031107
0000724051
0000724051
0000857737
0000857737
0000857737
0001024401
0000072859
0001036824
0000911755
0001123337
0001069793
0000880935
0000723612
0000800460
0001045309
0001045309
0000710507
0000833444
0000737561
0001057706
0001123493
0001140298
0000005272
0000317745
0000915840
0000849667
0000872867
0000070318
0000801550
0000849667
0000849667
0001118326
0001024401
0000061369
0000775351
0001035789
0000317745
0000005272
0000721371
0000721371
0000721371
0000827055
0000867058
0000101271
0001056897
0001126752
0000929940
0001041073
0001100270
0000929940
0000855334
0000935802
0001099219
0000935730
0000710507
0001071758
0000921550
0000072062
0001045309
0000087822
0000087822
0001534731
0000034151
0000034151
0000034151
0000034151
0000716054
0000859640
0000889899
0000892872
0000313368
0000826253
0000860518
0000860518
0000353286
0000890286
0000892872
0000353286
0000820588
0001554041
0001559684
0001559124
0001559123
0001559686
0001559125
0001559165
0001559122
0001559126
0001559687
0001559685
0001555950
0001555947
0001555946
0001555945
0001555948
0001554157
0001553828
0001559687
0001559685
0000774746
0001135644
0000823768
0001130126
0001103184
0000803014
0000946581
0001118326
0001051848
0000025191
0000071829
0001024401
0000072859
0001024401
0000072859
0001024401
0000072859
0001003464
0001053112
0001514991
0001053112
0001514991
0001514991
0001041073
0000799319
0001065152
0000353286
0001065152
0001065152
0001065152
0001127799
0001162586
0001095600
0000723612
0000723612
0000935802
0001057706
0000724051
0000927971
0001303433
0000932112
0000880935
0000929940
0000866535
0001031107
0000895364
0000849667
0001004945
0000850313
0000849667
0001041073
0001123493
0000002491
0000002491
0001123493
0000883587
0001057706
0000840889
0000320193
0000795266
0000849667
0000352949
0000935730
0001059363
0000912061
0001357615
0001156295
0001090870
0001090870
0000352949
0000893670
0000215219
0000912593
0000912593
0000040799
0001156295
0001011584
0000072911
0000356503
0001321746
0001333598
0001305468
0001321746
0001333598
0001305468
0000746967
0001111162
0001142056
0001092367
0001073773
0001073773
0000796486
0000811156
0000811156
0000051644
0001041073
0001041073
0001045520
0001024401
0000072859
0000922868
0001127055
0000880935
0001330935
0000923282
0000913061
0000872867
0000018498
0000718909
0001041073
0001041073
0000940181
0000933974
0001274762
0000073088
0000940181
0000940181
0000940181
0001024401
0000072859
0000065100
0001094561
0000899723
0001094561
0000023217
0001274762
0001094561
0000073088
0000073088
0000073088
0001010788
0000772891
0000918946
0000005272
0001084408
0000883780
0000724051
0000023217
0001274762
0000023217
0001274762
0000928395
0000869425
0000936931
0000880935
0000051143
0000029534
0000029534
0001024401
0000072859
0001043166
0001111345
0000764244
0000356028
0000796486
0001022832
0000045012
0000946581
0000946581
0000833444
0000073088
0000723612
0000785161
0001062431
0000918111
0000356028
0001016370
0000855684
0000908254
0000855684
0001024401
0000072859
0001211229
0000065100
0001020416
0000855684
0000855684
0001102329
0000889900
0000929940
0001047122
0001024401
0000072859
0001020416
0000868512
0000846815
0000005272
0000713676
0001047122
0001047122
0000072911
0000812446
0000772891
0001110783
0000056824
0000031235
0000056824
0000804055
0000812446
0000890801
0000065384
0000772891
0000846909
0000883780
0001105705
0001024338
0001024401
0000072859
0001009304
0001024401
0000072859
0001020416
0000946581
0000846909
0000860518
0000278130
0000799319
0000799319
0000776999
0000919006
0000776999
0000776999
0000003449
0000278130
0000723612
0000820588
0000070578
0000919742
0000108772
0001067701
0001321746
0001305468
0001333598
0000009749
0000108772
0000009749
0000097216
0001067701
0001046501
0000793937
0001046501
0000826253
0000823768
0001305468
0000356503
0001321746
0000823768
0000823768
0000823768
0000724051
0000932112
0001098278
0000027367
0000823768
0000758722
0000916802
0001118190
0001029356
0000916802
0000758722
0000758722
0000812551
0001102901
0001024401
0000072859
0000808362
0000916802
0001024401
0000072859
0001024401
0000072859
0001024401
0000072859
0001024401
0000072859
0000796486
0000023217
0001274762
0001031107
0000946581
0000935730
0001321746
0001333598
0001305468
0001102901
0001113643
0001072342
0001072342
0000932112
0000073088
0001020616
0001024338
0001094561
0001094561
0001020616
0001020616
0001321746
0000927653
0000005272
0000317745
0001051848
0000731766
0001081661
0001160010
0001098990
0001116773
0000869425
0000928395
0000846909
0001024401
0000072859
0000772891
0000869425
0000928395
0001060801
0001105705
0000916802
0000918999
0000723527
0000917173
0000918111
0000840715
0001054374
0000056873
0000056873
0000056873
0001043273
0001024401
0000072859
0000065100
0001094895
0000893046
0000891762
0000087822
0000869425
0000928395
0001013243
0000845094
0000814915
0001065152
0001030471
0000072911
0001020416
0001067701
0000310377
0000927653
0000814549
0000916802
0000899723
0000899723
0000899723
0001048937
0001048937
0001011584
0000916836
0000860518
0000823768
0000916836
0001025378
0000723527
0000723527
0001067701
0001127055
0000918111
0001123028
0000880935
0000201424
0000790526
0000756435
0000875570
0000919006
0001045309
0000880935
0000929940
0000073088
0000073088
0000073088
0000869425
0000928395
0000803014
0001103184
0001019376
0000023217
0001274762
0001081015
0000869425
0000928395
0000810750
0000869425
0000928395
0000803014
0001103184
0000846909
0000054175
0001088755
0001037949
0001037949
0000070318
0001010788
0001024401
0000072859
0000065100
0000764244
0001111345
0000723612
0000908254
0000850313
0001024401
0000072859
0000840889
0000072020
0001024401
0000072859
0000928395
0000869425
0000023217
0001094561
0000724051
0000879215
0000879215
0000879215
0000879215
0000879215
0000823768
0000846909
0000846909
0000846909
0001045309
0001045309
0000029693
0000029693
0001026214
0001419682
0000917523
0000077155
0001040440
0000919006
0000808207
0001045309
0000949728
0001070512
0000922011
0001005502
0000860518
0000720481
0000823768
0000731766
0000724051
0001010474
0000913144
0001050446
0000811780
0001095827
0000899166
0001095827
0001064539
0001041073
0001160711
0000879519
0001108307
0001092949
0001000579
0001095827
0000108772
0000317745
0000005272
0000811780
0000868797
0001006240
0000918111
0000895651
0000895651
0000855658
0000796486
0000796486
0000027748
0001003114
0001112987
0000869425
0000928395
0000918111
0001025844
0000889900
0001095827
0001023393
0001048237
0000108772
0000753048
0001094012
0000092088
0001006240
0000892653
0000077155
0000065384
0000717702
0001024338
0001062431
0000932112
0000724051
0000918111
0000320187
0000318383
0000869486
0000317745
0000317745
0000823768
0000923282
0000109471
0000928395
0000869425
0001094012
0000758722
0000108772
0000108772
0000278352
0001110646
0001110646
0000912593
0000917224
0000814068
0000814068
0000912593
0000917224
0000923282
0000108772
0000108772
0000278352
0000109471
0001045181
0000730255
0000917471
0000917471
0000108772
0001024401
0000072859
0000723527
0001117414
0001130950
0001117414
0001114925
0000913144
0001007800
0000936931
0000895450
0000093566
0000887403
0001062431
0000899166
0000922814
0001003464
0001103184
0000803014
0001056497
0001034537
0000887403
0001141197
0000723527
0000719241
0000890175
0000719241
0000890175
0000785161
0000820235
0000785161
0001003464
0001079250
0001018336
0001106548
0000719241
0000890175
0000923282
0000913061
0000068505
0000726513
0001091587
0000922814
0000922814
0000785161
0000894536
0000894536
0000087777
0000796486
0000087777
0000796486
0000796486
0001003114
0000859360
0000352949
0000823768
0000814580
0000859360
0000311946
0001102329
0000892433
0000027748
0000776997
0000019731
0000056824
0000814453
0000056824
0000814453
0000056824
0000814453
0000056824
0000814453
0000823768
0000812446
0001016370
0001311926
0000750901
0000917471
0001050446
0001091667
0001025844
0001051381
0001051381
0000823768
0000850476
0000918111
0000796486
0000796486
0000108772
0001123493
0001001769
0000936888
0001042501
0000828604
0000869425
0000928395
0000760327
0001103640
0001164498
0000869425
0000928395
0000873185
0001101752
0000757563
0001048268
0000089005
0001096560
0001076891
0000915337
0000818806
0001086142
0001086141
0001140868
0001141788
0000835270
0000804152
0000096664
0000761034
0000109757
0000731446
0001267760
0000037358
0001071758
0001103310
0001080398
0000913144
0000869486
0000803014
0001024338
0001024338
0001009304
0000356028
0001031107
0000869425
0000928395
0001046501
0001046501
0001092949
0000785161
0001012482
0000923282
0000923282
0001104220
0001104220
0001023519
0001092949
0001000579
0001023519
0000908254
0000072911
0001024401
0000072859
0001043166
0001009304
0001057334
0000918111
0001012482
0000070318
0000070318
0001062431
0001065152
0001065152
0000029534
0001125225
0001099219
0001024401
0000072859
0001043166
0001024401
0000072859
0001043166
0000893670
0000893670
0000893670
0001004945
0000918111
0001060024
0001060024
0001035700
0001035700
0000029534
0000946581
0000317745
0000005272
0000946581
0001045309
0000912083
0000912083
0001085776
0000819690
0001013243
0000003116
0000052477
0000872867
0000723527
0001009304
0001024401
0000072859
0001019376
0000883780
0000041133
0001087051
0001085770
0001087831
0000041133
0001105705
0001087051
0001037949
0000894501
0001037949
0000918999
0001037949
0000278352
0000278352
0000785161
0000880935
0000776997
0000776997
0000776997
0000225868
0000014272
0000056824
0000724051
0000108772
0001037949
0001037949
0001037949
0001037949
0000785161
0000923662
0000917524
0000917524
0000917524
0001126294
0000048732
0000048732
0001126294
0001081015
0000872867
0000814580
0000800460
0001081015
0001050891
0000859360
0001024401
0000072859
0001024401
0000072859
0001043166
0001022345
0000923282
0001100131
0001135443
0001112424
0001164123
0000948069
0000883780
0001087831
0000923282
0000087822
0000920448
0000774171
0000225868
0000225868
0001018833
0000948069
0001308839
0001087831
0000880935
0000918999
0000056824
0000077476
0000890801
0001095388
0000713676
0001109190
0001109190
0001109190
0000225868
0000868512
0000356028
0000356028
0000356028
0000356028
0000109471
0000923282
0001105705
0000068505
0000726513
0000928395
0000869425
0000928395
0001068292
0001068292
0000823768
0000918111
0001081015
0000785161
0001087831
0000726514
0000726514
0000810750
0001052489
0000051124
0001052489
0000051124
0000808362
0001024401
0000072859
0001060024
0001024401
0000072859
0000948069
0000785161
0000785161
0000353646
0000935802
0000935802
0000880935
0000820235
0001024401
0000072859
0000313529
0000052477
0001330935
0001045520
0001024401
0000072859
0000892653
0000754495
0000892653
0000278352
0001024401
0000778734
0001035120
0001088755
0001037949
0001037949
0001037949
0001037949
0000917471
0000846538
0000890801
0001059363
0000907072
0000911317
0001059363
0001059363
0000918111
0000320187
0000084129
0000084129
0001024401
0000072859
0000868797
0000092088
0000723612
0000723612
0000919006
0001022832
0001022832
0000356226
0001022832
0000801351
0000801351
0000801351
0000801351
0000919869
0001050446
0001050446
0000902056
0000860518
0001050446
0000079564
0001060024
0000802523
0001023516
0000845094
0000917173
0000719241
0000890175
0000723527
0000857737
0000927653
0001045181
0001094015
0000890175
0001048237
0001048237
0000857737
0000356028
0001127055
0000701856
0001098574
0000878334
0000799089
0001018833
0000730255
0000311172
0001035120
0001005123
0000784932
0000056824
0000005133
0001018730
0001018730
0001085770
0000875570
0000875570
0000919006
0001060801
0000898437
0001072342
0001072342
0001072342
0001072342
0000890801
0001098964
0000276641
0000276641
0000356028
0000803014
0001103184
0001085770
0000869486
0001019376
0000356028
0000352495
0000052477
0000073088
0001085770
0000713676
0000005272
0000005272
0000713676
0000829499
0001088316
0000833444
0000042284
0000923282
0000060911
0001065152
0001057334
0001072342
0001111741
0001089319
0001408276
0000002135
0000084129
0001760173
0000861459
0001122063
0001679960
0001679960
0000079879
0001497814
0000917523
0000823277
0001700800
0001123799
0001616856
0001681941
0001651699
0000785161
0000785161
0001024401
0001043166
0000314727
0000880562
0000793375
0000861459
0000861459
0000944624
0001045309
0000354908
0001070235
0001065152
0000846378
0000056824
0000814453
0001284721
0001123799
0001095315
0001025682
0001157817
0001833909
0001681941
0001122063
0001656472
0001122063
0000916075
0000829325
0001778805
0001353487
0001066923
0001037949
0001360886
0000865941
0000865941
0000909724
0000865941
0000278352
0001514732
0000896429
0000896429
0000708819
0000093556
0001692415
0001692415
0001415684
0001440024
0001393800
0001122063
0001415684
0001537169
0001440024
0001440024
0001739940
0001400891
0001846064
0001084384
0000896493
0001537169
0001342287
0000826773
0000896493
0001537169
0001699683
0001767043
0001428397
0001667590
